00501
00544
11001
11002
11003
11005
11010
11020
11021
11022
11023
11024
11025
11026
11027
11030
11040
11041
11042
11043
11044
11050
11051
11052
11053
11054
11055
11096
11099
11501
11507
11509
11510
11514
11518
11520
11530
11531
11535
11536
11542
11545
11547
11548
11549
11550
11551
11552
11553
11554
11555
11556
11557
11560
11563
11565
11566
11568
11569
11570
11571
11575
11576
11577
11579
11580
11581
11582
11590
11592
11594
11595
11596
11597
11599
11701
11702
11703
11704
11705
11706
11707
11708
11709
11710
11713
11714
11715
11716
11717
11718
11719
11720
11721
11722
11724
11725
11726
11727
11729
11730
11731
11732
11733
11735
11736
11737
11738
11739
11740
11741
11742
11743
11746
11747
11749
11750
11751
11752
11753
11754
11755
11756
11757
11758
11760
11762
11763
11764
11765
11766
11767
11768
11769
11770
11771
11772
11773
11774
11775
11776
11777
11778
11779
11780
11782
11783
11784
11786
11787
11788
11789
11790
11791
11792
11793
11794
11795
11796
11797
11798
11801
11802
11803
11804
11815
11819
11853
11854
11855
11931
11933
11934
11935
11939
11940
11942
11947
11948
11949
11950
11951
11953
11955
11956
11957
11958
11959
11960
11961
11962
11963
11964
11965
11969
11970
11972
11973
11975
11976
11978
11980
